230.000000 474.000000
557.000000 415.000000
595.000000 290.000000
224.000000 407.000000
362.000000 323.000000
438.000000 415.000000
491.000000 300.000000
127.000000 326.000000
693.000000 366.000000
576.000000 194.000000
607.000000 294.000000
727.000000 414.000000
409.000000 364.000000
662.000000 414.000000
413.000000 364.000000
613.000000 216.000000
520.000000 283.000000
457.000000 364.000000
32.000000 326.000000
677.000000 153.000000
316.000000 270.000000
61.000000 97.000000
499.000000 323.000000
565.000000 220.000000
594.000000 284.000000
463.000000 366.000000
524.000000 259.000000
662.000000 406.000000
726.000000 338.000000
474.000000 182.000000
651.000000 414.000000
604.000000 406.000000
507.000000 93.000000
576.000000 406.000000
522.000000 220.000000
283.000000 266.000000
411.000000 301.000000
139.000000 111.000000
261.000000 310.000000
85.000000 131.000000
610.000000 414.000000
415.000000 208.000000
418.000000 366.000000
647.000000 283.000000
410.000000 406.000000
403.000000 366.000000
307.000000 339.000000
465.000000 347.000000
502.000000 355.000000
543.000000 414.000000
534.000000 414.000000
167.000000 230.000000
514.000000 414.000000
689.000000 283.000000
570.000000 208.000000
420.000000 291.000000
308.000000 366.000000
699.000000 283.000000
523.000000 284.000000
312.000000 406.000000
456.000000 414.000000
508.000000 96.000000
712.000000 229.000000
318.000000 414.000000
531.000000 294.000000
355.000000 301.000000
155.000000 266.000000
471.000000 130.000000
611.000000 300.000000
603.000000 229.000000
113.000000 406.000000
558.000000 339.000000
497.000000 196.000000
239.000000 365.000000
351.000000 301.000000
688.000000 405.000000
392.000000 355.000000
336.000000 260.000000
266.000000 366.000000
570.000000 229.000000
674.000000 405.000000
669.000000 405.000000
666.000000 405.000000
625.000000 405.000000
619.000000 405.000000
435.000000 33.000000
457.000000 261.000000
264.000000 366.000000
358.000000 220.000000
135.000000 153.000000
136.000000 414.000000
538.000000 214.000000
105.000000 414.000000
635.000000 228.000000
478.000000 311.000000
202.000000 324.000000
435.000000 294.000000
423.000000 272.000000
220.000000 355.000000
448.000000 405.000000
